43123422234322221122122244222143312442444444441434124222434141234124442144214244121141213212341341243244422331322114322414444242242431432121
21133233232341444224322432342241432133233333314132223233132231131333123223232232123143414321312423223314321441222322343213331333133232132132
14123412214321331234342211323113211422222222221212323434222322221222243243231232322143212212341321242224212131432414323422222424224232412343
42323423232342222234221332244222221311132323413341143431333433323431241142222434142321232132121223213332142221232232441222423211133233134324
12323113244142431214142422131312343212224243412143222214222244141434321222422232332122414311323134341244113312122222341313324411214414222311
44141221422243432424313331212424343232333323412343213413131212343212342433332242422313332244123222311313124244213212324324142221132112341224
13333242223322242332224242222232142131244423212343212334144232123434123424442322114444242113434122122122212333412242312112243421432143313331
42222233342424322242131113333312212431232123112313241212321131412422422223322241231232321223121321321411232224242312412143212232134322411242
23312411243332213132224244242424312343232141222214321112323411432121323322223313414242233223341224442224424423332122132142244212432113224122
43221324322242444111313221312321311321414321243131224424321222432324224241442422233113241112143321333331413242421321432341333312213324412341
24413322341431133244444422422122224143232313331221333214123213232123123113213234242241212432341222124244124141234142412342422221322123232324
23112321311112212323321321112233311321434242422114222231224422432134224243123432331232223432143243213312122324413333122343242321142323432341
24421242244224232342424224133142242323414333213123412244132321134321143311231232421431231132343212342422322123142422232321232214132442424231
13233333333333114341231132242113231221442221434232424333214321132323142423122132323124144422142243143232342224141334212342421432424222224233
32442444224244412242242214321223224242231132312222232244122224321421123212242424321142333314321312143144243321342442342221333231113331331214
41312212321121223212331232141311213133412432223141222212213331324321223232133334122123122224123222343213313432323112323314222242244224244231
32341133132132143224222234212432142442231232121113244232444222121321343434224222134123421432343132322442221222222212444221232233112311221232
22222422424313243433113414333131222323243412342243233234311244414141213421133132413312321234343242442333411213231312313121234144222233332244
11333331331112343224442432244214312343233332143343244242211333133313122224242431114121442422342213232442321143424424242234133133313424214332
44444442242123122222121232313332224143222412121243231133424224212313214331333113412143333122221413412312313323233313332232211342222433342244
33233321231321131321221422112221432143213332222143221111133332342234224224221432132322422223323412222211223213224222421234121234133222213432
24242424444213242211341414321332234343222442321243212441242224123133331223111421412313113341423211332123424141412143321412342124424411342234
11313133333121433434223232124244422341212322143213114332321231242214224123143213224141444142122424424342131313211324241212324321123121121422
32224222422324311232323232313231322222412341343414223222413244221433323113221231232231132343222332132143242424242221123212144222222424423413
33133111134223324424313234244124421333132432111231112111232413113214223412212224224411232421234144442323223132341434342231232133332333423224
44244412322112421334341423243413322422432123422222211143211422222232121432311332323333222233432322322341214212323234321212132442444222221232
13311123123113322222222322422324423132123223432233121212322231323244124234341414321422433232234222321223312212243212324442312321331321444244
42222242241444241234144221121222323432123223412224422442243422123423242234243214343231424421432334143221222341313214321333334322222432133331
43211333223233321213333231234144221432243423422423113133212314342123233234323234221432113121234222343144211342243234242422222343333134242424
43213424223242223222242213122323143211313422113322224222243212343143424222123222343232122431234322224233422243143214341321114222424412221133
24321333144211343431321212122323121432241234224243421143343212422223411123412111323412131321332321132242211141242422324242432331231234143212
12222242231234122412143434324242422434333331321323131342143211131324224241234222341233221414444422232323413224213322323112334122222421321434
21333132221234241212243431313333323412342214322224222222211242422123323332232322313222423232323343242143214333224221342113212232133112121234
31241211313234332134322224422224121412113213311131324142444113123422242424444442242213323232321311133222442242133144243414313422221432342222
41222222244422123212241333134222343214323214121222312343334324222431233312333313332424441414142341414234211313242223121231121234333412313314
14333132232313214332122244422332123111341231321324422222212123131434221212222222221332121232311232131112342441213412214222133222221432441242
43242441234322422432343213314122424222222234123113234111414241441132323432113342244242322232324321212312423322412232424333224411243422333432
32133213212313332221313224224242433131431231313223434222433322222242143234111343313131213221312234113341221213131412332122433124123112242434
21424242224324442332141412331233242242434244224143224343242223222331222132342342242441224442213323334122322224122214242343214221122224113232
13423132112313331244233434224424231123132331232123414324312312442442434234312323111223311313142222222324321432442424331123223211234232123212
21432441214222222131221432122333212424212121231323212122223111322131232432142222222341222424212311132324343334323432424123113212434242213232
12132123432141411224113222444222222333332242434244212313223212244212222242421432334223123232324222412324222222223232222343422441234321444444
24231143234332322334321233331311234242414332332132134144223433132321313134133424212341211232323331114221334121123412234323112321212221232332
32122121212123331224123224424221432233122244222121424323143424214121143422222414144122212432112424322444424321433121422142442441212331232222
42422322414324442412341432314331232424243213322322222223243212112342143233121431312223123414143312313323334123222123432143323213234321232331
34332143332313333214322234224224441333232244224323333123222222434322323412413232422342432113324224222414422223433343432322222241234343414444
44442131244422422221234212311333332222432123414144442421234113423242123232222433232342321212123233323222313121422123412143222213211221331331
32321224123133233143212114224222221131424243322222313422232123423212322141332221432141221424342414123134321223111323232343233144222124212222
22321433323222442143243214121313414421234322223112322234314321123132324324444123434343211131343322124422123424341123412343242133314323334342
14243244423413331312341212324422433313232322143412241232211123214424342323231123412341231242322211321314321133332441132343232222424342422343
22323232123422442224343434321234222242434321323113322422142213433312142423244222432122212332121243212221324244223122223241234312334123232422
32321224243132333432123121341412314143131312442242243331313313124222341241123343221433342421434313323122441332314143313222414144222224242333
22141412323242212244424224323414322321224423333323422142241214223322243214244223411422243232234242442123232124321144441433122332223222322412
14122432224321431132331322222134142322223332442221234113323133341223223232233341222434321242232113332422143211212222231122432122343212323222
31323432132343343214422123422232332214334122323412233142213241223411442241224221233212121223244224242133322323432333324141434124243412143232
44221432114321231333314143421232321132211322143123232224422233422223213323431123424414421442233331123222224423434142432322222223143211123432
13241434132124121222212123233412123224224322222441211433131211234324242223234313133323213132444214143424223323422313322324411312223243211434
42213432222231331133134224143414323223114323311132122222422421422332341424424124442232223422231232323433224122432421212343332442242234311432
13321242333224321441434331223214343412224341442243311321113312112122322333311312321124423433222234322212232342412131133122224332333232123222
42243331444424321133134222314224123231334323212314444444422432212322223222132422322423323422233414341321234123222422424211123222441221324232
23342421233324321222222122123312222422224324242213231331133123332321232124242134123324423414441414222241234223213232121221432121321231113334
42243223244224123233333323334321333333324123333143212222222412114342141331311212224412123432112122241422214143423412343223211234342123414424
11423244223311321444424444112411224444421122424212342431232434312342324422121421133222321232123313322413134143421234242432123412321313432331
22222212341224121321311133133121432332232243213312143434231432224322423123423331221434141432322442143244234222112412313232322122422121431222
43431224323333342444221224321232232222432232342422323212222232332324321413323422133214323414343212122231222142211132121234242123311321232432
43431432112224423332134333214242442411132134141334343224343432244222223121243213222432123213323434324241434243342423333412233422431313232131
22232234324321322222243324123311333124442414321214141414342434333214122424242421432124123432321434331321434342223324442233432234122143414442
44222422321321324322222331242422432113331434223224223432121112242233124133321123214211343234321234122222222223144421321142133212343243213321
13321322424423131313331111333312221422121232441434323232322424313214222112423221232314123432341422123333414142232222322323421214323221222224
42224343123213224224444224424222323112342232113234124424143312342131332222224424241432343214321233341442134232321331121123213312242223133113
23334222423412313333313323322314322122133134143232311313321422323244414331333322333124321412321422232211232132112444424122222213312341442442
34211341123413142424444221122224312342444414343414224222222232142113212242244422224214321123412212342231232444423123332143334142221241331331
12222322321114143333123114143432114343333132343222121421233244121423212321233321333122244213123232313212343133312122222342444212343342422442
24342421424131322242244243312131232112242242322231112343421432313222212343424224244423333321414444224231323324224221232323232332342143313133
32323242234222223311333212214222422224331112441444221342132234222433132243223131231322244212223213332242112212213314422243241422311322212224
42322232232333342442222211111343414332242413132213214121431212134214224321213221241421113212313242224311224313412421333343212132342442243322
34143412222424243222432212114323412214311221232142231333222242444232332221421143333114143214442232114323432123211211222243413412231333341222
22242434123111321233234233332321212321323142444233214222223233232232212422243342221233241412332432432341234324444142232143212312113422242431
34321422323432122222432242244424112342221213333142221233342424231211133333322121313222322432432121234123422143332342341224142214322212213112
44243414223232323423214313121231231323333222242121313221143332122242444442444414342433143432121341432123414122422321313432123331322412442244
22323432121422143223422242243212242342241433221234242134122232323133333321231324333424321432132432131323232432112342442234242224321222333333
42322222321123223421432143343231333112313124223222231332131114321424222223222232221212342432312323434222233312341113123132234211132132222222
22214341441222421223412322143232222321222231143233432141432412143311133212422111311214243432212312333131144414321224242241132211222224342424
23422343211233312223232122142231244133131214343421232213412133322224442434321322141232123221134244222412233123143332311413143212234122313333
43432323234224414324424124321424133312411432121311412321234222223123123424142341333234322222211232131324321234223242321121223212434342424222
23412343214132334222313312343334224232321224323422331422432311244412421221312332121231224313324222234232412411113212314341441231224321131134
23232313314244222244222222341222313112143334343332312333234323333321323422212242322212434243133211234131343212242411314323232444232122242121
42442241234223113323331142223424444442322224322112342224212134224234343413432132343233231313143422234221242222333232412322232333221311322342
33323133114341242242414313143221332332143212212412332411113222321114123422224424143424242222223313224342143412444242234323414213212422314323
22242241234321234121212242221132222422223212433412223232222231321132221214333333343133331111121122414321323313333313232141421124123224222442
12242322212122241113123333224321333234143213221231242232331234222442341234224422122242424122242223432122123222242222242241214122342231343211
14342143422224121422431424232311121432323123123412231144424321133334341234322331212323112231333221432412414143333141323213231434222244224421
12341321233334323133312122222422113212123144243432444113331332422422141134222122332121214342444212432133333142442242123244234211331433323232
22222241212211323422242222331232144422321123321232332222224123313333122222332342444421432113123223232122212242222412241213212124422214223411
31431432244124321434321334222432132324342242222432142331132244124143223331424343333333211321243234222122132323211432133422212332341332343432
42421234331312244132241411313232224324343343233232421442224323223123414141232122242222442211323211332224222323222432212131334124322221323413
23123432242122323222243222222422312322122223221234123231312123422141232311212312313143313333424414422331341123233432122412124332342342121224
44242434112322343332343213412321244124211242224424324442143241234323232224424241241222442224333311342244123424342422112314122222312342414333
43321434334144221434243221132143322223332233332322221333322221432141234333332223221324211321222224321222222232223132213222341212412243334224
12223222213432421222141224422312143243423414214324123422224322224123424241222342244213321242112132124123333232341432432114323242234122212231
14323231122112323332122112342241343213121233324212322111124343212223112311211113333142422233132224233342444214141431234312223233132331234132
14342424131322342121334211311432112222123222222214321232224311131322412323232142241213333424211333321223233133223222432142242424244422243234
14123334342243212342442324222113214112341431341332143232322222124143432143234231312414242433342222141224242222323233432143341431123213133214
22224224321331442143212123333124321314323212242214341434113412312123422341434142143433113122423414222332123213422221432321243123414244444231
13323222222221232222214444421432143212244231422312321234242432143323232323212123323222221231322233334242422442234143432313222243221313123224
44123432134242432242324323333432243214233212132412323232133412412123212342444142241212124321242444221331143333412343411142231323232322224212
12242223121332232232342324222432243223212232112334324422321221232141432131331323211112121222133232142421222442242123221231112342242243422433
42233114422421232431111221331422324321231134224224343214111133232331322222222123424422432132124242311113132332434124232234212122313343423424
13414231331121322434243212321232212243222434233112232133312342414244423311311142431233323431431322242241432442434123224232331332322223223423
43213212122321423113342244123223232123332321224414222112123211434333342444214321222422112431232223233132212333232123421234214112342424223222
33241232342223221224321334341433414144244141221233234321234223232224221131234321313311142222222343412234222421242313433134214211231313122421
43232434343324412112442444123422213111211123432222432233133224212133312232234324444244143213334143213432133313312221424232234214224122143312
22321232341223234142323232221234122223432143224331234142441433232244222242231323311131123341424321432234144242423332231232231232333242322243
13414242222422432422342232432112121323224321412121313213213224114313133321242222422214244232222123331432133111324143232244222232124332341112
21234113433133232312343112123411334214422123122242214321421212212143242444123133333114333214331321122231242234111231234131333224121114341222
33212243221442442324342244243214122231321423434333322332321231214123213312342424442434242234242422241421232111234221332222241433243412343133
41234122211233332322321223322432233244223121432442424341241232432141234212343323333231131214313123433342143243222311232333333222423432122112
23434341113222221332422432123231421223321423232323334312141221231323431312322422121212434131321242424241313143424222414442444241424222441444
43234122242233112211331231321412212244224323431324212212323213424242244212321322442433234222123233133312342243213231422233322213112323311334
23222242331142413124442222143212232131311343114111123132343212223313331341244243413424231334221424242422333222241241234122224121212322442212
41233332144213422321223333422233234232114121432123411424343424442222224213431321221211214321343212311112343231232121132341432142244223313414
21442114131323132434244222133122224232131333432342242322143432233111312342221234223211432141232222123424311414223424234123312133233322211233
43214134222123242332231312242441244141434212134212331321322232442212243211312412343421234323224312322232343212324331232224224223244223424212
23432222333112321212232122223333131323334132422222444442144442132133321124223434143431432141234224343422323231122222434332133312212343432131
22232332124424212232221331322242222424222142233433133323213311123414144223412432323213234141214134343412141224421323434234244421132122232414
44424444131223233414332422242133313323421123422422432424422222422312343243211232321241234222432232121223213233234223232211331321412414142423
12333332222243411322242231131241224442321223211111211331331133332432123223422414343223431333242241432112141224424321421222224421121432323432
14222423323341424223123142424113233131242424422144424212242424442112241243231334342143214421434133113232124113111221133234133322223232423243
34341124442243433113242221214323224122133322321113321433133333132134321224442222121223211232432222223234333222141244242444222243322422223222
14321233321123222434212343331121211233424244423324223221424242422122141232232122143244222212232131341434242412342231323131232321142233244424
22222222421221234131332341231432132112131223211421321213113131234141231231432143113231333332414424211211331232143234122232432123243422233334
12323312321133212222412343123424214444212123213114122143224124234131334122334321444244444421333323124242424412342234131313421432143212224222
24444441414142432313232142242212223133342444422221312313323342234141234332422223111333113312342212413333331242241212232422243414321232132224
22231323232123211314242321313423321222213332133224312342424423231233434222331424422224214222322432222422212334321422243313332431113434222333
43212223232243242412332232143234243242422242142432124311332323211343232221242112313312122122123424321332442424243233324442413222423432234244
14213133112323213232122133123212142433311211331224123414242342224222242433432144224441231341223212222242331132322442113111122143323231424233
41143221112323223212412132113221341424211432442212123212322221233113312212132323231312342223343242244232243432123122422244131322221221231121
31333233424341423232334142243432143132242222231232322232322234242442442324442341242422311222223143333124113412312223343432122242442244232212
22224211433333113434112323341234222242333343422434342442341232331234312321334321313332444231141242244213323214141324444234313231333333324333
11112321232423241424122322221123231112444242412434242123143224424422444242422432124242233414321211231142424221142411321234342444442244213144
